Hidden Layer, Nodes in Layer, Accuracy(%)
1 [4, 1, 4] 74.6
1 [4, 2, 4] 74.6
1 [4, 3, 4] 100.0
1 [4, 4, 4] 100.0
1 [4, 5, 4] 100.0
1 [4, 6, 4] 100.0
1 [4, 7, 4] 100.0
1 [4, 8, 4] 100.0
1 [4, 9, 4] 100.0
1 [4, 10, 4] 100.0
1 [4, 11, 4] 100.0
1 [4, 12, 4] 100.0
1 [4, 13, 4] 100.0
1 [4, 14, 4] 100.0
1 [4, 15, 4] 100.0
1 [4, 16, 4] 100.0
1 [4, 17, 4] 100.0
1 [4, 18, 4] 100.0
1 [4, 19, 4] 100.0
1 [4, 20, 4] 100.0
1 [4, 21, 4] 100.0
1 [4, 22, 4] 100.0
1 [4, 23, 4] 100.0
1 [4, 24, 4] 100.0
1 [4, 25, 4] 100.0
1 [4, 26, 4] 100.0
1 [4, 27, 4] 100.0
1 [4, 28, 4] 100.0
1 [4, 29, 4] 100.0
1 [4, 30, 4] 100.0
1 [4, 31, 4] 100.0
1 [4, 32, 4] 100.0
1 [4, 33, 4] 100.0
1 [4, 34, 4] 100.0
1 [4, 35, 4] 100.0
1 [4, 36, 4] 100.0
1 [4, 37, 4] 100.0
1 [4, 38, 4] 100.0
1 [4, 39, 4] 100.0
1 [4, 40, 4] 100.0
1 [4, 41, 4] 100.0
1 [4, 42, 4] 100.0
1 [4, 43, 4] 100.0
1 [4, 44, 4] 100.0
1 [4, 45, 4] 100.0
1 [4, 46, 4] 100.0
1 [4, 47, 4] 100.0
1 [4, 48, 4] 100.0
1 [4, 49, 4] 100.0
2 [4, 1, 1, 4] 50.6
2 [4, 2, 2, 4] 74.6
2 [4, 3, 3, 4] 74.6
2 [4, 4, 4, 4] 100.0
2 [4, 5, 5, 4] 100.0
2 [4, 6, 6, 4] 100.0
2 [4, 7, 7, 4] 100.0
2 [4, 8, 8, 4] 100.0
2 [4, 9, 9, 4] 100.0
2 [4, 10, 10, 4] 100.0
2 [4, 11, 11, 4] 100.0
2 [4, 12, 12, 4] 100.0
2 [4, 13, 13, 4] 100.0
2 [4, 14, 14, 4] 100.0
2 [4, 15, 15, 4] 100.0
2 [4, 16, 16, 4] 100.0
2 [4, 17, 17, 4] 100.0
2 [4, 18, 18, 4] 100.0
2 [4, 19, 19, 4] 100.0
2 [4, 20, 20, 4] 100.0
2 [4, 21, 21, 4] 100.0
2 [4, 22, 22, 4] 100.0
2 [4, 23, 23, 4] 100.0
2 [4, 24, 24, 4] 100.0
2 [4, 25, 25, 4] 100.0
2 [4, 26, 26, 4] 100.0
2 [4, 27, 27, 4] 100.0
2 [4, 28, 28, 4] 100.0
2 [4, 29, 29, 4] 100.0
2 [4, 30, 30, 4] 100.0
2 [4, 31, 31, 4] 100.0
2 [4, 32, 32, 4] 100.0
2 [4, 33, 33, 4] 100.0
2 [4, 34, 34, 4] 100.0
2 [4, 35, 35, 4] 100.0
2 [4, 36, 36, 4] 100.0
2 [4, 37, 37, 4] 100.0
2 [4, 38, 38, 4] 100.0
2 [4, 39, 39, 4] 100.0
2 [4, 40, 40, 4] 100.0
2 [4, 41, 41, 4] 100.0
2 [4, 42, 42, 4] 100.0
2 [4, 43, 43, 4] 100.0
2 [4, 44, 44, 4] 100.0
2 [4, 45, 45, 4] 100.0
2 [4, 46, 46, 4] 100.0
2 [4, 47, 47, 4] 100.0
2 [4, 48, 48, 4] 100.0
2 [4, 49, 49, 4] 100.0
3 [4, 1, 1, 1, 4] 50.6
3 [4, 2, 2, 2, 4] 76.0
3 [4, 3, 3, 3, 4] 76.0
3 [4, 4, 4, 4, 4] 76.0
3 [4, 5, 5, 5, 4] 50.6
3 [4, 6, 6, 6, 4] 74.6
3 [4, 7, 7, 7, 4] 74.6
3 [4, 8, 8, 8, 4] 100.0
3 [4, 9, 9, 9, 4] 100.0
3 [4, 10, 10, 10, 4] 100.0
3 [4, 11, 11, 11, 4] 100.0
3 [4, 12, 12, 12, 4] 100.0
3 [4, 13, 13, 13, 4] 100.0
3 [4, 14, 14, 14, 4] 100.0
3 [4, 15, 15, 15, 4] 74.6
3 [4, 16, 16, 16, 4] 100.0
3 [4, 17, 17, 17, 4] 100.0
3 [4, 18, 18, 18, 4] 100.0
3 [4, 19, 19, 19, 4] 74.6
3 [4, 20, 20, 20, 4] 100.0
3 [4, 21, 21, 21, 4] 99.6
3 [4, 22, 22, 22, 4] 100.0
3 [4, 23, 23, 23, 4] 74.6
3 [4, 24, 24, 24, 4] 100.0
3 [4, 25, 25, 25, 4] 100.0
3 [4, 26, 26, 26, 4] 100.0
3 [4, 27, 27, 27, 4] 100.0
3 [4, 28, 28, 28, 4] 75.0
3 [4, 29, 29, 29, 4] 75.0
3 [4, 30, 30, 30, 4] 100.0
3 [4, 31, 31, 31, 4] 100.0
3 [4, 32, 32, 32, 4] 100.0
3 [4, 33, 33, 33, 4] 100.0
3 [4, 34, 34, 34, 4] 75.0
3 [4, 35, 35, 35, 4] 49.0
3 [4, 36, 36, 36, 4] 100.0
3 [4, 37, 37, 37, 4] 100.0
3 [4, 38, 38, 38, 4] 74.6
3 [4, 39, 39, 39, 4] 74.6
3 [4, 40, 40, 40, 4] 100.0
3 [4, 41, 41, 41, 4] 75.0
3 [4, 42, 42, 42, 4] 100.0
3 [4, 43, 43, 43, 4] 75.0
3 [4, 44, 44, 44, 4] 25.4
3 [4, 45, 45, 45, 4] 76.0
3 [4, 46, 46, 46, 4] 74.6
3 [4, 47, 47, 47, 4] 100.0
3 [4, 48, 48, 48, 4] 76.0
3 [4, 49, 49, 49, 4] 100.0
4 [4, 1, 1, 1, 1, 4] 50.6
4 [4, 2, 2, 2, 2, 4] 49.6
4 [4, 3, 3, 3, 3, 4] 50.6
4 [4, 4, 4, 4, 4, 4] 50.6
4 [4, 5, 5, 5, 5, 4] 25.6
4 [4, 6, 6, 6, 6, 4] 76.0
4 [4, 7, 7, 7, 7, 4] 25.6
4 [4, 8, 8, 8, 8, 4] 50.6
4 [4, 9, 9, 9, 9, 4] 76.0
4 [4, 10, 10, 10, 10, 4] 25.6
4 [4, 11, 11, 11, 11, 4] 74.6
4 [4, 12, 12, 12, 12, 4] 25.6
4 [4, 13, 13, 13, 13, 4] 76.0
4 [4, 14, 14, 14, 14, 4] 76.0
4 [4, 15, 15, 15, 15, 4] 25.6
4 [4, 16, 16, 16, 16, 4] 50.6
4 [4, 17, 17, 17, 17, 4] 25.6
4 [4, 18, 18, 18, 18, 4] 25.6
4 [4, 19, 19, 19, 19, 4] 51.0
4 [4, 20, 20, 20, 20, 4] 51.0
4 [4, 21, 21, 21, 21, 4] 49.4
4 [4, 22, 22, 22, 22, 4] 76.0
4 [4, 23, 23, 23, 23, 4] 25.6
4 [4, 24, 24, 24, 24, 4] 49.0
4 [4, 25, 25, 25, 25, 4] 25.6
4 [4, 26, 26, 26, 26, 4] 50.6
4 [4, 27, 27, 27, 27, 4] 25.6
4 [4, 28, 28, 28, 28, 4] 50.6
4 [4, 29, 29, 29, 29, 4] 24.0
4 [4, 30, 30, 30, 30, 4] 49.6
4 [4, 31, 31, 31, 31, 4] 25.6
4 [4, 32, 32, 32, 32, 4] 49.4
4 [4, 33, 33, 33, 33, 4] 24.0
4 [4, 34, 34, 34, 34, 4] 25.6
4 [4, 35, 35, 35, 35, 4] 24.0
4 [4, 36, 36, 36, 36, 4] 24.0
4 [4, 37, 37, 37, 37, 4] 24.0
4 [4, 38, 38, 38, 38, 4] 25.6
4 [4, 39, 39, 39, 39, 4] 25.4
4 [4, 40, 40, 40, 40, 4] 25.4
4 [4, 41, 41, 41, 41, 4] 25.0
4 [4, 42, 42, 42, 42, 4] 24.0
4 [4, 43, 43, 43, 43, 4] 25.6
4 [4, 44, 44, 44, 44, 4] 25.0
4 [4, 45, 45, 45, 45, 4] 25.6
4 [4, 46, 46, 46, 46, 4] 25.4
4 [4, 47, 47, 47, 47, 4] 24.0
4 [4, 48, 48, 48, 48, 4] 24.0
4 [4, 49, 49, 49, 49, 4] 24.0
5 [4, 1, 1, 1, 1, 1, 4] 25.6
5 [4, 2, 2, 2, 2, 2, 4] 50.6
5 [4, 3, 3, 3, 3, 3, 4] 50.6
5 [4, 4, 4, 4, 4, 4, 4] 50.6
5 [4, 5, 5, 5, 5, 5, 4] 25.6
5 [4, 6, 6, 6, 6, 6, 4] 50.6
5 [4, 7, 7, 7, 7, 7, 4] 25.6
5 [4, 8, 8, 8, 8, 8, 4] 25.6
5 [4, 9, 9, 9, 9, 9, 4] 25.6
5 [4, 10, 10, 10, 10, 10, 4] 50.6
5 [4, 11, 11, 11, 11, 11, 4] 25.6
5 [4, 12, 12, 12, 12, 12, 4] 25.6
5 [4, 13, 13, 13, 13, 13, 4] 25.6
5 [4, 14, 14, 14, 14, 14, 4] 25.6
5 [4, 15, 15, 15, 15, 15, 4] 25.6
5 [4, 16, 16, 16, 16, 16, 4] 25.6
5 [4, 17, 17, 17, 17, 17, 4] 25.6
5 [4, 18, 18, 18, 18, 18, 4] 25.6
5 [4, 19, 19, 19, 19, 19, 4] 25.6
5 [4, 20, 20, 20, 20, 20, 4] 25.6
5 [4, 21, 21, 21, 21, 21, 4] 25.6
5 [4, 22, 22, 22, 22, 22, 4] 25.6
5 [4, 23, 23, 23, 23, 23, 4] 25.6
5 [4, 24, 24, 24, 24, 24, 4] 25.6
5 [4, 25, 25, 25, 25, 25, 4] 25.0
5 [4, 26, 26, 26, 26, 26, 4] 25.6
5 [4, 27, 27, 27, 27, 27, 4] 25.6
5 [4, 28, 28, 28, 28, 28, 4] 25.6
5 [4, 29, 29, 29, 29, 29, 4] 25.6
5 [4, 30, 30, 30, 30, 30, 4] 25.0
5 [4, 31, 31, 31, 31, 31, 4] 25.6
5 [4, 32, 32, 32, 32, 32, 4] 24.0
5 [4, 33, 33, 33, 33, 33, 4] 25.4
5 [4, 34, 34, 34, 34, 34, 4] 25.6
5 [4, 35, 35, 35, 35, 35, 4] 24.0
5 [4, 36, 36, 36, 36, 36, 4] 25.6
5 [4, 37, 37, 37, 37, 37, 4] 25.6
5 [4, 38, 38, 38, 38, 38, 4] 25.0
5 [4, 39, 39, 39, 39, 39, 4] 25.4
5 [4, 40, 40, 40, 40, 40, 4] 24.0
5 [4, 41, 41, 41, 41, 41, 4] 25.0
5 [4, 42, 42, 42, 42, 42, 4] 24.0
5 [4, 43, 43, 43, 43, 43, 4] 24.0
5 [4, 44, 44, 44, 44, 44, 4] 25.6
5 [4, 45, 45, 45, 45, 45, 4] 25.0
5 [4, 46, 46, 46, 46, 46, 4] 24.0
5 [4, 47, 47, 47, 47, 47, 4] 25.6
5 [4, 48, 48, 48, 48, 48, 4] 25.0
5 [4, 49, 49, 49, 49, 49, 4] 25.6
6 [4, 1, 1, 1, 1, 1, 1, 4] 50.6
6 [4, 2, 2, 2, 2, 2, 2, 4] 25.6
6 [4, 3, 3, 3, 3, 3, 3, 4] 25.6
6 [4, 4, 4, 4, 4, 4, 4, 4] 25.6
6 [4, 5, 5, 5, 5, 5, 5, 4] 25.6
6 [4, 6, 6, 6, 6, 6, 6, 4] 25.6
6 [4, 7, 7, 7, 7, 7, 7, 4] 25.6
6 [4, 8, 8, 8, 8, 8, 8, 4] 25.6
6 [4, 9, 9, 9, 9, 9, 9, 4] 25.6
6 [4, 10, 10, 10, 10, 10, 10, 4] 25.6
6 [4, 11, 11, 11, 11, 11, 11, 4] 25.6
6 [4, 12, 12, 12, 12, 12, 12, 4] 25.6
6 [4, 13, 13, 13, 13, 13, 13, 4] 25.6
6 [4, 14, 14, 14, 14, 14, 14, 4] 25.6
6 [4, 15, 15, 15, 15, 15, 15, 4] 25.6
6 [4, 16, 16, 16, 16, 16, 16, 4] 25.6
6 [4, 17, 17, 17, 17, 17, 17, 4] 25.6
6 [4, 18, 18, 18, 18, 18, 18, 4] 25.6
6 [4, 19, 19, 19, 19, 19, 19, 4] 25.6
6 [4, 20, 20, 20, 20, 20, 20, 4] 25.6
6 [4, 21, 21, 21, 21, 21, 21, 4] 25.6
6 [4, 22, 22, 22, 22, 22, 22, 4] 25.6
6 [4, 23, 23, 23, 23, 23, 23, 4] 25.6
6 [4, 24, 24, 24, 24, 24, 24, 4] 25.6
6 [4, 25, 25, 25, 25, 25, 25, 4] 25.6
6 [4, 26, 26, 26, 26, 26, 26, 4] 25.6
6 [4, 27, 27, 27, 27, 27, 27, 4] 25.6
6 [4, 28, 28, 28, 28, 28, 28, 4] 25.6
6 [4, 29, 29, 29, 29, 29, 29, 4] 25.6
6 [4, 30, 30, 30, 30, 30, 30, 4] 25.6
6 [4, 31, 31, 31, 31, 31, 31, 4] 24.0
6 [4, 32, 32, 32, 32, 32, 32, 4] 25.6
6 [4, 33, 33, 33, 33, 33, 33, 4] 25.6
6 [4, 34, 34, 34, 34, 34, 34, 4] 25.6
6 [4, 35, 35, 35, 35, 35, 35, 4] 25.0
6 [4, 36, 36, 36, 36, 36, 36, 4] 24.0
6 [4, 37, 37, 37, 37, 37, 37, 4] 25.6
6 [4, 38, 38, 38, 38, 38, 38, 4] 25.6
6 [4, 39, 39, 39, 39, 39, 39, 4] 25.6
6 [4, 40, 40, 40, 40, 40, 40, 4] 25.6
6 [4, 41, 41, 41, 41, 41, 41, 4] 25.6
6 [4, 42, 42, 42, 42, 42, 42, 4] 25.6
6 [4, 43, 43, 43, 43, 43, 43, 4] 25.6
6 [4, 44, 44, 44, 44, 44, 44, 4] 25.6
6 [4, 45, 45, 45, 45, 45, 45, 4] 25.0
6 [4, 46, 46, 46, 46, 46, 46, 4] 24.0
6 [4, 47, 47, 47, 47, 47, 47, 4] 25.6
6 [4, 48, 48, 48, 48, 48, 48, 4] 25.0
6 [4, 49, 49, 49, 49, 49, 49, 4] 24.0
7 [4, 1, 1, 1, 1, 1, 1, 1, 4] 50.6
7 [4, 2, 2, 2, 2, 2, 2, 2, 4] 25.6
7 [4, 3, 3, 3, 3, 3, 3, 3, 4] 25.6
7 [4, 4, 4, 4, 4, 4, 4, 4, 4] 25.6
7 [4, 5, 5, 5, 5, 5, 5, 5, 4] 25.6
7 [4, 6, 6, 6, 6, 6, 6, 6, 4] 25.6
7 [4, 7, 7, 7, 7, 7, 7, 7, 4] 25.6
7 [4, 8, 8, 8, 8, 8, 8, 8, 4] 25.6
7 [4, 9, 9, 9, 9, 9, 9, 9, 4] 25.6
7 [4, 10, 10, 10, 10, 10, 10, 10, 4] 25.6
7 [4, 11, 11, 11, 11, 11, 11, 11, 4] 25.6
7 [4, 12, 12, 12, 12, 12, 12, 12, 4] 25.6
7 [4, 13, 13, 13, 13, 13, 13, 13, 4] 25.6
7 [4, 14, 14, 14, 14, 14, 14, 14, 4] 25.6
7 [4, 15, 15, 15, 15, 15, 15, 15, 4] 25.6
7 [4, 16, 16, 16, 16, 16, 16, 16, 4] 25.6
7 [4, 17, 17, 17, 17, 17, 17, 17, 4] 25.6
7 [4, 18, 18, 18, 18, 18, 18, 18, 4] 25.6
7 [4, 19, 19, 19, 19, 19, 19, 19, 4] 25.6
7 [4, 20, 20, 20, 20, 20, 20, 20, 4] 25.6
7 [4, 21, 21, 21, 21, 21, 21, 21, 4] 24.0
7 [4, 22, 22, 22, 22, 22, 22, 22, 4] 25.6
7 [4, 23, 23, 23, 23, 23, 23, 23, 4] 25.6
7 [4, 24, 24, 24, 24, 24, 24, 24, 4] 25.6
7 [4, 25, 25, 25, 25, 25, 25, 25, 4] 25.6
7 [4, 26, 26, 26, 26, 26, 26, 26, 4] 25.6
7 [4, 27, 27, 27, 27, 27, 27, 27, 4] 25.6
7 [4, 28, 28, 28, 28, 28, 28, 28, 4] 25.6
7 [4, 29, 29, 29, 29, 29, 29, 29, 4] 24.0
7 [4, 30, 30, 30, 30, 30, 30, 30, 4] 25.6
7 [4, 31, 31, 31, 31, 31, 31, 31, 4] 25.6
7 [4, 32, 32, 32, 32, 32, 32, 32, 4] 25.6
7 [4, 33, 33, 33, 33, 33, 33, 33, 4] 25.6
7 [4, 34, 34, 34, 34, 34, 34, 34, 4] 25.0
7 [4, 35, 35, 35, 35, 35, 35, 35, 4] 25.6
7 [4, 36, 36, 36, 36, 36, 36, 36, 4] 24.0
7 [4, 37, 37, 37, 37, 37, 37, 37, 4] 25.6
7 [4, 38, 38, 38, 38, 38, 38, 38, 4] 25.6
7 [4, 39, 39, 39, 39, 39, 39, 39, 4] 25.4
7 [4, 40, 40, 40, 40, 40, 40, 40, 4] 24.0
7 [4, 41, 41, 41, 41, 41, 41, 41, 4] 25.6
7 [4, 42, 42, 42, 42, 42, 42, 42, 4] 25.6
7 [4, 43, 43, 43, 43, 43, 43, 43, 4] 24.0
7 [4, 44, 44, 44, 44, 44, 44, 44, 4] 24.0
7 [4, 45, 45, 45, 45, 45, 45, 45, 4] 25.6
7 [4, 46, 46, 46, 46, 46, 46, 46, 4] 25.6
7 [4, 47, 47, 47, 47, 47, 47, 47, 4] 25.0
7 [4, 48, 48, 48, 48, 48, 48, 48, 4] 24.0
7 [4, 49, 49, 49, 49, 49, 49, 49, 4] 25.6
8 [4, 1, 1, 1, 1, 1, 1, 1, 1, 4] 25.6
8 [4, 2, 2, 2, 2, 2, 2, 2, 2, 4] 25.6
8 [4, 3, 3, 3, 3, 3, 3, 3, 3, 4] 25.6
8 [4, 4, 4, 4, 4, 4, 4, 4, 4, 4] 25.6
8 [4, 5, 5, 5, 5, 5, 5, 5, 5, 4] 25.6
8 [4, 6, 6, 6, 6, 6, 6, 6, 6, 4] 25.6
8 [4, 7, 7, 7, 7, 7, 7, 7, 7, 4] 25.6
8 [4, 8, 8, 8, 8, 8, 8, 8, 8, 4] 25.6
8 [4, 9, 9, 9, 9, 9, 9, 9, 9, 4] 25.6
8 [4, 10, 10, 10, 10, 10, 10, 10, 10, 4] 25.6
8 [4, 11, 11, 11, 11, 11, 11, 11, 11, 4] 25.6
8 [4, 12, 12, 12, 12, 12, 12, 12, 12, 4] 25.6
8 [4, 13, 13, 13, 13, 13, 13, 13, 13, 4] 25.6
8 [4, 14, 14, 14, 14, 14, 14, 14, 14, 4] 25.6
8 [4, 15, 15, 15, 15, 15, 15, 15, 15, 4] 25.6